EightPatterns = [
    1.19008264463   5.3810741688
    -1.96694214876   -3.25319693095
    -0.628099173554   -6.85421994885
    -1.42148760331   -3.70332480818
    -1.20661157025   -1.12531969309
    0.314049586777   0.0204603580563
    1.27272727273   -0.716112531969
    1.45454545455   -2.4347826087
    -1.22314049587   -3.29411764706
    -1.48760330579   -0.757033248082
    -0.396694214876   -7.50895140665
    -0.776859504132   1.65728900256
    -1.5867768595   4.80818414322
    1.37190082645   5.87212276215
    -1.10743801653   4.84910485934
    1.6694214876   -1.04347826087
    1.30578512397   -0.102301790281
    -1.28925619835   -5.79028132992
    -1.78512396694   -3.78516624041
    -1.55371900826   4.80818414322
    0.363636363636   -8.0
    -0.826446280992   5.46291560102
    1.63636363636   2.7621483376
    1.28925619835   4.84910485934
    -0.0826446280992   -7.63171355499
    -0.694214876033   -6.3631713555
    -1.14049586777   5.99488491049
    0.743801652893   0.347826086957
    -1.19008264463   -0.593350383632
    -1.42148760331   -3.82608695652
    1.20661157025   -5.99488491049
    0.677685950413   0.838874680307
    1.04132231405   6.0358056266
    -0.876033057851   0.347826086957
    -1.45454545455   -4.64450127877
    -0.314049586777   1.32992327366
    1.40495867769   -3.66240409207
    1.78512396694   -2.72122762148
    1.43801652893   4.23529411765
    -0.97520661157   -6.32225063939
    -1.15702479339   3.29411764706
    1.53719008264   -3.00767263427
    1.53719008264   -6.11764705882
    0.495867768595   0.225063938619
    -1.22314049587   4.89002557545
    1.48760330579   4.60358056266
    -1.38842975207   -6.24040920716
    1.8347107438   -5.54475703325
    0.479338842975   1.37084398977
    -1.00826446281   6.60869565217
    -1.32231404959   -5.87212276215
    -0.710743801653   6.24040920716
    1.07438016529   1.86189258312
    -1.12396694215   1.98465473146
    -1.20661157025   2.18925831202
    -1.20661157025   -7.0179028133
    -0.446280991736   7.46803069054
    1.88429752066   -1.28900255754
    0.99173553719   -0.388746803069
    -0.97520661157   -0.879795396419
    -0.429752066116   7.59079283887
    1.60330578512   -3.4168797954
    -0.99173553719   1.94373401535
    -0.743801652893   -6.40409207161
    1.81818181818   -3.70332480818
    -0.0495867768595   1.16624040921
    1.86776859504   -2.92583120205
    1.43801652893   -0.920716112532
    0.396694214876   -6.48593350384
    -1.28925619835   5.09462915601
    -1.71900826446   -0.429667519182
    -1.35537190083   -0.961636828645
    -1.63636363636   4.3989769821
    0.611570247934   0.511508951407
    -0.942148760331   4.76726342711
    -1.14049586777   -6.93606138107
    1.70247933884   -2.59846547315
    -1.10743801653   -1.73913043478
    0.198347107438   -7.22250639386
    -1.23966942149   1.82097186701
    1.81818181818   -4.43989769821
    -1.04132231405   5.54475703325
    -1.40495867769   -4.52173913043
    0.809917355372   -7.42710997442
    0.842975206612   7.14066496164
    -1.5867768595   3.78516624041
    -0.909090909091   -6.0358056266
    1.63636363636   -2.02557544757
    -1.15702479339   5.99488491049
    0.710743801653   6.44501278772
    1.45454545455   -1.20716112532
    -1.42148760331   2.84398976982
    1.37190082645   3.29411764706
    -0.611570247934   6.3631713555
    -1.30578512397   -1.7800511509
    -1.22314049587   -4.43989769821
    2.0   -1.98465473146
    1.33884297521   5.46291560102
    1.22314049587   -6.3631713555
    -0.297520661157   6.85421994885
    -1.53719008264   2.27109974425
    0.644628099174   0.552429667519
    1.09090909091   -1.04347826087
    -0.264462809917   1.20716112532
    -2.0   -3.29411764706
    0.727272727273   -6.93606138107
    1.00826446281   5.87212276215
    1.35537190083   -3.82608695652
    1.05785123967   5.83120204604
    -1.68595041322   -1.7800511509
    -1.25619834711   2.80306905371
    1.42148760331   -3.33503836317
    -1.04132231405   -5.62659846547
    1.7520661157   -3.62148337596
    1.61983471074   4.89002557545
    1.61983471074   -2.84398976982
    -0.892561983471   -0.757033248082
    -1.23966942149   -2.84398976982
    1.60330578512   4.03069053708
    0.479338842975   0.225063938619
    0.97520661157   -7.26342710997
    0.628099173554   -7.46803069054
    1.47107438017   -2.68030690537
    1.00826446281   2.4347826087
    -0.528925619835   6.28132992327
    -1.65289256198   3.13043478261
    1.52066115702   -6.28132992327
    -1.30578512397   -3.94884910486
    -1.60330578512   -1.94373401535
    -0.363636363636   -6.32225063939
    1.73553719008   -5.99488491049
    -1.05785123967   1.00255754476
    -1.15702479339   2.55754475703
    -1.5041322314   -4.35805626598
    0.280991735537   -6.6905370844
    -0.727272727273   -0.265984654731
    -1.23966942149   -1.49360613811
    -0.132231404959   -7.54987212276
    -1.04132231405   3.66240409207
    1.55371900826   -6.32225063939
    0.925619834711   6.24040920716
    -1.55371900826   -5.01278772379
    1.88429752066   -5.34015345269
    1.76859504132   -3.0895140665
    -1.47107438017   -3.0895140665
    0.710743801653   -6.89514066496
    0.297520661157   -7.09974424552
    -1.20661157025   -6.28132992327
    -0.280991735537   0.920716112532
    1.57024793388   -4.31713554987
    0.760330578512   1.16624040921
    -0.595041322314   -7.50895140665
    -1.19008264463   4.68542199488
    0.95867768595   0.429667519182
    -0.264462809917   -7.6726342711
    -0.264462809917   -7.87723785166
    -0.347107438017   -0.347826086957
    -1.40495867769   -4.84910485934
    -1.42148760331   -3.04859335038
    1.23966942149   -5.7084398977
    -1.71900826446   2.72122762148
    0.97520661157   5.7084398977
    1.19008264463   -5.34015345269
    1.33884297521   -4.48081841432
    1.35537190083   1.57544757033
    1.68595041322   4.48081841432
    1.04132231405   4.84910485934
    1.28925619835   -5.54475703325
    1.09090909091   -7.42710997442
    -0.396694214876   -6.32225063939
    1.19008264463   4.43989769821
    -0.264462809917   7.42710997442
    1.5041322314   4.64450127877
    0.512396694215   -7.18158567775
    -1.47107438017   -3.33503836317
    1.78512396694   4.23529411765
    1.25619834711   -4.84910485934
    1.05785123967   7.05882352941
    -0.347107438017   -6.85421994885
    -1.40495867769   -4.80818414322
    1.23966942149   -0.593350383632
    -0.231404958678   0.593350383632
    -0.0165289256198   1.08439897698
    0.148760330579   6.89514066496
    -0.0330578512397   0.797953964194
    -1.20661157025   -1.61636828645
    -0.809917355372   1.32992327366
    0.0165289256198   7.71355498721
    -1.02479338843   -5.46291560102
    -1.43801652893   4.03069053708
    -0.595041322314   6.6905370844
    -1.57024793388   -0.757033248082
    0.198347107438   -7.30434782609
    -1.17355371901   -5.42199488491
    0.809917355372   -0.225063938619
    -1.15702479339   -6.89514066496
    -1.47107438017   5.42199488491
    1.17355371901   3.58056265985
    -0.545454545455   0.0613810741688
    -0.247933884298   -7.26342710997
    -1.12396694215   0.265984654731
    1.70247933884   3.0895140665
    0.909090909091   2.14833759591
    -1.52066115702   -3.00767263427
    0.809917355372   7.71355498721
    1.27272727273   2.96675191816
    -1.42148760331   3.86700767263
    0.363636363636   -0.265984654731
    1.60330578512   5.83120204604
    0.578512396694   -7.54987212276
    -1.02479338843   5.09462915601
    -0.859504132231   7.30434782609
    -1.12396694215   3.21227621483
    1.27272727273   -6.11764705882
    -0.561983471074   7.09974424552
    -1.30578512397   -4.19437340153
    -1.71900826446   -3.21227621483
    1.53719008264   3.86700767263
    1.9173553719   -3.0895140665
    -0.561983471074   0.920716112532
    -0.809917355372   -0.593350383632
    -1.00826446281   6.97698209719
    0.214876033058   1.49360613811
    0.314049586777   -6.97698209719
    -0.214876033058   6.73145780051
    -0.859504132231   1.82097186701
