GroupPatterns = [
    -1.0   0.647457627119   1
    0.839009287926   -0.294915254237   0
    -0.609907120743   -0.437288135593   1
    0.473684210526   0.769491525424   0
    0.758513931889   -0.728813559322   0
    0.671826625387   -0.0101694915254   0
    -0.560371517028   -0.35593220339   1
    0.628482972136   0.762711864407   0
    -0.74613003096   0.694915254237   1
    0.795665634675   -0.694915254237   0
    -0.783281733746   -0.0305084745763   1
    0.473684210526   0.064406779661   0
    0.188854489164   -0.823728813559   0
    -0.702786377709   0.505084745763   1
    0.498452012384   0.125423728814   0
    -0.907120743034   -0.722033898305   1
    0.721362229102   -0.138983050847   0
    0.108359133127   0.525423728814   0
    0.554179566563   0.898305084746   0
    0.448916408669   -0.871186440678   0
    -0.634674922601   0.884745762712   1
    0.1826625387   0.769491525424   0
    0.752321981424   -0.294915254237   0
    0.739938080495   -0.35593220339   0
    0.343653250774   0.0983050847458   0
    -0.541795665635   -0.505084745763   1
    -0.671826625387   0.654237288136   1
    -0.603715170279   -0.315254237288   1
    0.560371517028   -0.0983050847458   0
    -0.708978328173   0.68813559322   1
    0.356037151703   0.227118644068   0
    0.38080495356   0.871186440678   0
    0.046439628483   0.715254237288   0
    -0.789473684211   0.0508474576271   1
    0.578947368421   0.186440677966   0
    0.49226006192   0.735593220339   0
    0.609907120743   -0.125423728814   0
    -0.832817337461   0.315254237288   1
    -0.616099071207   -0.925423728814   1
    1.0   -0.172881355932   0
    0.504643962848   0.227118644068   0
    0.12693498452   -0.925423728814   0
    -0.585139318885   0.450847457627   1
    -0.696594427245   -0.308474576271   1
    -0.653250773994   0.477966101695   1
    -0.876160990712   0.254237288136   1
    0.869969040248   -0.152542372881   0
    -0.758513931889   0.267796610169   1
    -0.758513931889   0.172881355932   1
    0.541795665635   -0.830508474576   0
    -0.727554179567   -0.349152542373   1
    0.479876160991   0.0576271186441   0
    -0.863777089783   0.28813559322   1
    0.801857585139   -0.322033898305   0
    -0.727554179567   0.742372881356   1
    0.164086687307   -0.938983050847   0
    0.684210526316   -0.254237288136   0
    -0.777089783282   0.701694915254   1
    0.386996904025   0.837288135593   0
    0.467492260062   0.0372881355932   0
    0.504643962848   0.877966101695   0
    0.195046439628   -0.810169491525   0
    -0.801857585139   0.179661016949   1
    -0.634674922601   0.457627118644   1
    -0.863777089783   0.2   1
    -0.69040247678   0.0983050847458   1
    0.33746130031   -0.783050847458   0
    0.560371517028   -0.0237288135593   0
    0.269349845201   -0.810169491525   0
    0.702786377709   0.91186440678   0
    0.609907120743   0.159322033898   0
    -0.839009287926   -0.430508474576   1
    -0.653250773994   0.0915254237288   1
    0.702786377709   0.681355932203   0
    0.201238390093   -0.945762711864   0
    0.157894736842   -0.925423728814   0
    -0.609907120743   -0.810169491525   1
    0.349845201238   -0.783050847458   0
    -0.758513931889   -0.389830508475   1
    -0.801857585139   0.823728813559   1
    0.653250773994   0.145762711864   0
    0.362229102167   0.75593220339   0
    -0.671826625387   -0.722033898305   1
    0.343653250774   0.742372881356   0
    0.114551083591   -0.789830508475   0
    -0.839009287926   -0.118644067797   1
    0.715170278638   0.457627118644   0
    0.597523219814   -0.769491525424   0
    0.770897832817   -0.227118644068   0
    -0.696594427245   0.247457627119   1
    0.857585139319   0.708474576271   0
    0.628482972136   0.396610169492   0
    0.547987616099   -0.722033898305   0
    -0.696594427245   -0.68813559322   1
    -0.597523219814   -0.0847457627119   1
    0.671826625387   0.674576271186   0
    -0.609907120743   -0.837288135593   1
    0.0340557275542   -0.620338983051   0
    0.665634674923   -0.0847457627119   0
    -0.585139318885   -0.525423728814   1
    -0.647058823529   0.51186440678   1
    -0.888544891641   0.00338983050847   1
    -0.0278637770898   -0.952542372881   0
    0.702786377709   0.159322033898   0
    0.467492260062   -0.0372881355932   0
    0.715170278638   -0.722033898305   0
    -0.758513931889   0.301694915254   1
    0.219814241486   0.769491525424   0
    0.659442724458   -0.68813559322   0
    0.640866873065   0.84406779661   0
    -0.622291021672   0.661016949153   1
    0.170278637771   -0.938983050847   0
    0.504643962848   0.0983050847458   0
    -0.077399380805   -0.749152542373   0
    -0.733746130031   0.423728813559   1
    0.349845201238   -0.0779661016949   0
    -0.517027863777   -0.884745762712   1
    0.164086687307   -0.742372881356   0
    0.417956656347   0.0779661016949   0
    0.504643962848   0.932203389831   0
    0.653250773994   0.559322033898   0
    0.721362229102   -0.491525423729   0
    0.219814241486   0.864406779661   0
    -0.888544891641   0.28813559322   1
    -0.69040247678   0.315254237288   1
    -0.678018575851   0.0101694915254   1
    -0.59133126935   -0.84406779661   1
    -0.678018575851   0.00338983050847   1
    -0.572755417957   0.450847457627   1
    0.188854489164   0.871186440678   0
    0.0959752321981   -0.681355932203   0
    -0.758513931889   0.0237288135593   1
    0.53560371517   0.349152542373   0
    -0.53560371517   -0.206779661017   1
    0.981424148607   -0.328813559322   0
    -0.653250773994   -0.064406779661   1
    -0.486068111455   -0.769491525424   1
    -0.653250773994   0.898305084746   1
    -0.665634674923   0.708474576271   1
    0.59133126935   -0.776271186441   0
    0.455108359133   1.0   0
    -0.839009287926   0.803389830508   1
    -0.628482972136   -0.559322033898   1
    0.145510835913   -0.945762711864   0
    0.566563467492   0.735593220339   0
    0.59133126935   -0.871186440678   0
    -0.0650154798762   -0.783050847458   0
    -0.826625386997   -0.389830508475   1
    -0.634674922601   0.789830508475   1
    -0.634674922601   -0.681355932203   1
    -0.882352941176   0.627118644068   1
    -0.832817337461   -0.0440677966102   1
    0.876160990712   -0.335593220339   0
    -0.783281733746   -0.35593220339   1
    0.839009287926   -0.44406779661   0
    0.832817337461   -0.132203389831   0
    0.708978328173   0.606779661017   0
    0.523219814241   0.396610169492   0
    0.0526315789474   -0.84406779661   0
    0.59133126935   0.071186440678   0
    0.634674922601   0.667796610169   0
    0.733746130031   -0.0779661016949   0
    0.498452012384   0.762711864407   0
    0.207430340557   0.993220338983   0
    -0.851393188854   -0.789830508475   1
    0.876160990712   -0.362711864407   0
    0.609907120743   0.505084745763   0
    0.727554179567   0.803389830508   0
    -0.739938080495   0.586440677966   1
    -0.622291021672   0.959322033898   1
    0.727554179567   0.450847457627   0
    0.789473684211   0.708474576271   0
    -0.715170278638   -0.925423728814   1
    0.863777089783   0.064406779661   0
    -0.882352941176   0.254237288136   1
    0.219814241486   0.071186440678   0
    -0.541795665635   -0.498305084746   1
    0.566563467492   0.586440677966   0
    -0.74613003096   -0.369491525424   1
    -0.869969040248   -0.35593220339   1
    0.294117647059   -0.783050847458   0
    -0.585139318885   0.457627118644   1
    -0.708978328173   0.172881355932   1
    0.708978328173   -0.437288135593   0
    0.578947368421   0.349152542373   0
    0.94427244582   -0.423728813559   0
    -0.628482972136   0.274576271186   1
    0.523219814241   -0.938983050847   0
    -0.541795665635   -0.715254237288   1
    0.232198142415   0.776271186441   0
    -0.671826625387   -0.0576271186441   1
