QuestionPatterns = [
    1.82040816327   1.22879177378
    -1.4612244898   1.12596401028
    0.742857142857   -0.0976863753213
    -0.0244897959184   -0.210796915167
    -0.220408163265   2.0
    1.10204081633   1.81491002571
    1.36326530612   0.375321336761
    0.644897959184   0.262210796915
    0.0734693877551   -1.47557840617
    0.171428571429   -0.416452442159
    -0.138775510204   1.62982005141
    -0.351020408163   1.64010282776
    0.742857142857   0.200514138817
    0.138775510204   -0.149100257069
    1.13469387755   0.570694087404
    1.28163265306   1.34190231362
    -0.334693877551   -1.80462724936
    1.21632653061   0.714652956298
    0.122448979592   1.90745501285
    0.0734693877551   -0.951156812339
    -1.02040816327   1.70179948586
    -0.54693877551   1.54755784062
    1.41224489796   0.899742930591
    -1.23265306122   0.94087403599
    -0.269387755102   -1.60925449871
    0.840816326531   1.61953727506
    0.220408163265   -1.81491002571
    0.138775510204   -0.591259640103
    -1.52653061224   0.982005141388
    0.318367346939   1.69151670951
    -1.55918367347   1.35218508997
    0.236734693878   -0.694087403599
    -0.0734693877551   -1.59897172237
    0.889795918367   1.68123393316
    0.497959183673   -0.025706940874
    -0.204081632653   -1.58868894602
    0.0897959183673   -1.94858611825
    -0.155102040816   -0.683804627249
    -1.02040816327   1.52699228792
    -1.64081632653   1.03341902314
    1.26530612245   0.632390745501
    0.10612244898   -1.9588688946
    0.497959183673   -0.272493573265
    0.204081632653   -1.57840616967
    -0.0408163265306   -0.632390745501
    -0.155102040816   1.9177377892
    1.18367346939   0.00514138817481
    -0.122448979592   -0.951156812339
    1.72244897959   0.467866323907
    -0.351020408163   -1.8766066838
    -1.59183673469   1.19794344473
    -1.80408163265   1.13624678663
    -1.2   1.48586118252
    1.29795918367   1.75321336761
    -0.302040816327   -1.76349614396
    0.122448979592   -0.694087403599
    0.138775510204   -0.817480719794
    -0.269387755102   -0.529562982005
    1.77142857143   0.622107969152
    0.628571428571   -0.025706940874
    -1.41224489796   1.21850899743
    0.204081632653   -0.539845758355
    0.383673469388   -0.272493573265
    0.383673469388   -0.982005141388
    -0.661224489796   1.71208226221
    -0.69387755102   1.78406169666
    1.57551020408   1.45501285347
    0.448979591837   -0.231362467866
    1.68979591837   1.02313624679
    0.938775510204   0.508997429306
    1.57551020408   0.611825192802
    1.83673469388   0.93059125964
    -0.0408163265306   -0.293059125964
    -1.15102040816   1.13624678663
    1.83673469388   1.19794344473
    0.808163265306   0.221079691517
    1.78775510204   0.622107969152
    -0.0571428571429   -1.92802056555
    0.334693877551   -0.447300771208
    1.59183673469   0.6735218509
    1.02040816327   1.49614395887
    0.302040816327   -0.0154241645244
    -0.726530612245   1.71208226221
    0.138775510204   -0.529562982005
    -0.318367346939   -1.90745501285
    -0.955102040816   1.44473007712
    -0.285714285714   -1.83547557841
    0.0734693877551   -0.467866323907
    -1.70612244898   1.33161953728
    -1.13469387755   1.68123393316
    1.55918367347   0.313624678663
    1.13469387755   0.478149100257
    -0.416326530612   -0.755784061697
    1.51020408163   0.40616966581
    1.44489795918   0.992287917738
    0.0244897959184   -1.8766066838
    0.367346938776   1.70179948586
    -0.220408163265   -1.54755784062
    -0.840816326531   1.45501285347
    -0.285714285714   -0.694087403599
    2.0   0.745501285347
    -0.138775510204   1.54755784062
    0.791836734694   0.0668380462725
    -1.13469387755   1.58868894602
    -1.23265306122   1.32133676093
    1.29795918367   0.591259640103
    1.39591836735   1.45501285347
    0.416326530612   -1.96915167095
    -0.69387755102   1.46529562982
    1.65714285714   1.36246786632
    -1.67346938776   1.10539845758
    -0.0897959183673   1.76349614396
    0.10612244898   1.77377892031
    1.52653061224   1.17737789203
    0.302040816327   -0.262210796915
    -1.31428571429   1.62982005141
    0.955102040816   1.43444730077
    -1.67346938776   1.32133676093
    -0.10612244898   -1.94858611825
    0.514285714286   -0.179948586118
    1.57551020408   1.29048843188
    0.155102040816   -0.190231362468
    -0.367346938776   -1.64010282776
    -0.351020408163   -1.85604113111
    -1.37959183673   1.06426735219
    1.08571428571   0.221079691517
    -0.318367346939   -1.86632390746
    0.481632653061   1.52699228792
    0.204081632653   -1.62982005141
    0.0244897959184   -0.6735218509
    1.4612244898   1.48586118252
    0.416326530612   -0.437017994859
    -1.2   1.55784061697
    0.595918367347   1.73264781491
    0.204081632653   -0.539845758355
    1.7387755102   1.13624678663
    1.11836734694   1.77377892031
    0.10612244898   -0.807197943445
    1.24897959184   0.251928020566
    1.54285714286   0.858611825193
    0.383673469388   -0.580976863753
    1.49387755102   1.30077120823
    1.0693877551   1.21850899743
    0.987755102041   -0.0462724935733
    0.220408163265   -1.83547557841
    0.220408163265   -0.416452442159
    -0.171428571429   1.59897172237
    1.64081632653   0.354755784062
    -0.204081632653   -1.72236503856
    0.00816326530612   -0.92030848329
    0.0244897959184   1.76349614396
    0.122448979592   1.8766066838
    0.530612244898   0.00514138817481
    1.75510204082   1.23907455013
    -0.171428571429   -0.313624678663
    0.0897959183673   1.67095115681
    -1.60816326531   1.26992287918
    -0.0408163265306   -0.817480719794
    1.31428571429   0.992287917738
    0.971428571429   1.80462724936
    0.938775510204   0.0565552699229
    -1.31428571429   1.25964010283
    1.80408163265   1.16709511568
    -0.0244897959184   -1.54755784062
    0.857142857143   1.43444730077
    1.64081632653   1.38303341902
    1.90204081633   0.868894601542
    -0.0571428571429   1.61953727506
    0.155102040816   -0.385604113111
    0.448979591837   0.0462724935733
    0.644897959184   0.179948586118
    1.21632653061   1.42416452442
    -1.2   1.74293059126
    -0.644897959184   1.77377892031
    0.10612244898   -1.52699228792
    1.37959183673   1.11568123393
    0.00816326530612   -0.889460154242
    -0.0408163265306   -0.313624678663
    0.383673469388   1.76349614396
    1.59183673469   1.52699228792
    -0.318367346939   1.73264781491
    0.220408163265   1.82519280206
    -1.80408163265   1.18766066838
    0.171428571429   -0.190231362468
    -1.77142857143   0.827763496144
    0.677551020408   -0.159383033419
    0.25306122449   -1.65038560411
    0.334693877551   1.82519280206
    0.742857142857   0.0154241645244
    -0.465306122449   1.59897172237
    0.90612244898   1.49614395887
    1.18367346939   1.07455012853
    -1.77142857143   1.21850899743
    -0.10612244898   -0.611825192802
    1.23265306122   1.33161953728
    -1.21632653061   1.62982005141
    0.644897959184   -0.0565552699229
    0.351020408163   1.66066838046
    -0.138775510204   -0.601542416452
    0.269387755102   -0.426735218509
    0.00816326530612   -1.96915167095
    -0.122448979592   -1.00257069409
    0.791836734694   1.38303341902
    -0.465306122449   1.74293059126
    0.269387755102   -0.66323907455
    0.987755102041   1.66066838046
    -1.68979591837   1.09511568123
    1.7387755102   0.992287917738
    -0.236734693878   -1.59897172237
    -1.55918367347   0.951156812339
    0.677551020408   1.81491002571
    0.122448979592   1.81491002571
    0.416326530612   -0.498714652956
    1.3306122449   0.12853470437
    0.873469387755   0.0154241645244
    0.481632653061   -0.467866323907
    1.37959183673   1.30077120823
    1.08571428571   1.75321336761
    1.64081632653   0.426735218509
    -1.2   0.848329048843
    -1.26530612245   1.66066838046
    -1.31428571429   0.971722365039
    -1.2   1.38303341902
    1.75510204082   1.25964010283
